%YAML:1.0
---
ratio_px_to_mm: 1.8311534873182989e-01
